# epsilon 0.193505
189 2.48271 4.7913 4.96724
183 13.4339 17.4993 30.4026
190 -104.323 -115.842 -99.8575
191 -57.0757 -57.7905 -55.63
182 23.3692 24.8293 22.7342
186 -1.04907 -19.7729 -21.9893
194 -6.36634 -15.3217 -16.5303
181 12.9205 -17.353 0
7 13.2325 -8.82008 -15.7031
196 -9.44058 -7.15787 -9.67801
195 -36.2172 -28.2792 -24.5071
0 -131.628 -93.4006 -122.038
185 -37.3966 -27.5735 -34.4209
5 72.0401 68.2633 58.7796
187 -3.19613 3.36873 0.725182
180 -17.3954 -17.2183 -17.8297
6 80.968 79.0327 83.6883
188 -2.6409 3.2874 0.459212
1 76.6091 81.4465 77.1625
2 56.1838 58.7956 56.9459
197 -11.7779 -12.4113 -9.2471
3 54.0302 56.253 60.4517
198 27.8311 21.0129 19.0261
4 66.8927 16.2321 53.4662
199 24.1714 25.5146 23.8916
192 -18.2923 -17.0243 -12.4187
193 -34.7163 -34.2923 -26.5242
